915
872 398
254 292
27 396
6 171
157 222
193 160
689 338
511 849
44 147
297 328
668 168
329 97
10 39
354 673
363 329
391 441
579 31
364 400
161 478
212 888
487 110
486 492
289 54
746 106
1 93
507 339
15 4
151 21
708 870
380 220
387 457
90 284
717 432
165 134
83 868
451 720
9 106
573 189
131 118
57 420
384 90
753 111
418 319
211 391
110 430
261 281
15 37
518 88
764 295
828 761
596 741
376 12
147 176
156 51
48 501
215 612
641 459
24 116
227 282
901 758
891 175
670 58
250 177
332 99
506 323
545 404
12 614
155 199
697 805
308 159
92 475
330 184
138 59
835 631
180 798
404 450
700 348
513 906
837 296
811 106
617 138
20 5
203 272
416 524
17 411
118 54
11 275
613 214
514 57
184 488
690 179
38 17
19 319
816 421
134 667
23 14
784 506
12 14
388 272
49 5
132 354
448 215
79 103
570 608
399 508
591 854
362 500
14 246
759 122
428 698
576 303
526 639
287 896
563 583
14 51
443 729
491 538
455 771
50 485
716 72
652 85
41 658
555 403
21 417
645 473
216 49
841 444
16 316
855 350
599 274
439 442
716 865
120 807
262 678
461 30
449 482
767 913
351 429
572 593
4 5
483 40
127 653
142 307
2 4
522 850
26 20
257 230
542 29
605 536
109 25
550 757
145 162
169 125
339 351
498 204
479 180
289 630
392 242
426 39
346 330
887 188
142 574
436 298
257 708
279 206
74 53
285 398
582 319
324 876
602 31
529 702
21 588
205 707
456 730
193 315
1 210
377 68
820 251
127 24
787 271
11 16
339 190
792 556
16 52
358 95
857 224
310 172
500 659
11 322
17 115
72 79
97 439
423 725
65 389
845 672
597 733
246 905
239 836
546 810
561 81
299 251
25 5
9 76
94 153
584 37
156 206
864 353
455 55
212 431
732 760
203 73
42 223
381 61
337 719
127 468
5 300
81 883
59 265
186 55
365 90
446 116
348 649
701 378
610 270
672 583
148 696
20 255
141 148
465 295
281 497
149 484
172 60
66 88
11 101
277 116
70 81
368 341
10 201
476 378
13 11
314 54
773 553
334 502
529 139
735 128
454 139
503 754
463 80
387 283
530 138
64 595
911 437
112 133
736 53
695 205
123 245
17 8
45 30
112 183
664 839
393 642
292 677
822 26
644 187
33 62
80 51
528 769
415 185
532 782
362 633
30 31
133 357
37 66
364 18
21 56
405 654
10 90
882 647
256 50
786 785
121 309
449 287
347 130
65 269
582 703
738 447
664 437
648 20
108 50
314 477
119 212
557 495
228 65
336 592
80 122
91 7
359 262
650 444
67 142
273 195
378 271
89 853
474 155
63 54
144 303
3 278
480 329
18 591
283 623
59 37
81 87
78 163
7 139
776 580
178 509
1 21
35 70
45 333
527 96
136 77
50 541
129 366
581 904
184 843
93 270
505 183
22 297
526 433
758 223
571 276
9 61
540 59
713 114
605 657
144 406
64 191
562 503
530 889
290 679
682 354
12 4
24 72
424 152
585 197
533 174
202 291
20 198
374 401
823 130
100 221
795 834
356 279
9 18
432 149
419 343
846 565
494 474
690 751
423 151
28 21
383 794
812 486
111 59
159 21
323 208
64 82
353 228
662 220
31 55
661 206
382 577
215 195
564 827
100 298
592 803
66 129
900 397
50 4
680 842
575 227
15 295
404 638
554 400
40 54
378 536
217 20
795 412
38 46
414 187
73 5
104 120
199 443
249 164
110 160
885 203
233 892
655 85
534 462
295 687
806 674
108 179
155 130
511 299
210 440
102 287
116 564
136 325
80 143
109 552
390 371
506 622
383 28
52 320
263 53
496 106
104 594
80 777
112 35
36 625
21 152
117 394
180 361
537 517
226 145
261 190
178 237
348 14
309 587
375 510
110 105
578 191
856 676
69 33
7 3
185 294
341 606
581 631
290 675
674 697
199 709
113 67
397 29
132 87
747 583
714 355
200 85
146 67
422 267
3 8
755 477
128 37
660 98
327 185
680 139
3 1
908 784
195 137
425 481
793 240
104 220
33 276
752 554
115 288
231 221
504 443
688 886
140 192
490 369
67 373
84 185
819 533
89 447
818 422
168 70
54 413
124 119
206 404
651 250
95 87
567 276
5 145
216 375
629 909
407 433
240 150
302 228
790 585
44 38
768 386
177 130
731 575
723 323
109 262
75 107
464 163
107 238
38 274
78 691
96 305
898 332
38 167
375 910
545 877
341 240
41 666
20 24
739 547
615 253
403 338
75 3
147 559
123 85
22 30
261 718
17 121
132 372
778 252
895 680
304 266
476 629
204 607
635 544
876 903
137 123
300 516
425 271
140 39
706 119
324 367
424 728
426 525
159 196
338 255
62 134
395 808
871 400
39 409
118 486
321 276
283 281
127 218
589 317
462 785
783 23
517 199
67 97
907 684
191 208
281 765
190 138
705 456
396 495
486 572
370 860
93 248
535 84
596 9
666 832
556 466
563 155
611 432
640 333
351 861
225 548
200 743
543 505
350 586
590 284
35 408
91 197
502 848
25 29
41 10
129 737
268 603
45 244
105 29
311 304
573 775
647 711
109 371
184 182
23 873
20 42
227 334
115 178
788 80
712 15
5 239
612 817
62 243
247 201
181 804
537 636
393 164
89 52
632 547
519 566
197 656
83 35
15 85
52 560
253 140
134 164
549 71
515 127
22 3
161 301
206 789
319 528
382 767
523 211
337 840
352 66
312 17
235 51
14 884
3 412
260 255
912 491
620 890
65 149
64 748
343 473
306 51
19 175
416 801
9 259
643 450
43 35
85 318
624 408
98 72
721 49
32 6
183 858
410 341
796 729
54 637
71 31
732 170
182 25
161 317
826 170
57 11
2 1
14 154
94 202
693 491
451 46
734 774
421 420
64 12
104 130
531 47
174 135
134 345
53 20
460 37
862 773
24 35
730 863
117 28
489 80
568 93
31 756
779 507
333 665
881 380
724 716
435 56
64 100
344 247
64 209
28 224
174 462
94 744
208 814
513 507
637 722
684 219
8 11
604 83
147 251
345 598
520 511
96 1
581 565
4 34
90 444
84 694
369 285
674 529
327 349
55 466
30 65
104 71
471 63
859 607
340 209
580 468
445 414
319 618
484 565
350 77
766 852
797 367
458 300
158 838
126 343
160 337
547 780
64 704
428 410
627 539
517 550
781 552
201 234
503 264
164 407
319 324
734 19
60 59
621 609
271 215
32 225
519 56
526 915
56 126
342 174
179 646
166 280
879 134
715 536
386 268
336 95
331 89
254 60
399 213
252 234
38 360
211 166
68 32
507 620
233 558
521 420
692 303
830 206
293 241
750 372
30 141
161 78
802 625
77 84
52 180
699 28
120 313
59 67
125 10
311 437
7 114
669 629
427 258
163 188
663 189
103 181
158 8
415 470
214 169
442 762
233 82
27 23
144 92
21 36
825 279
58 831
60 189
194 147
181 266
355 685
31 47
170 52
304 493
638 676
2 616
213 86
131 267
109 467
813 502
204 165
134 626
338 609
683 103
182 763
470 772
27 402
791 475
79 150
385 66
362 194
118 453
27 58
395 24
878 131
12 33
48 28
286 40
135 115
268 405
469 358
355 53
163 382
770 246
227 844
815 650
688 440
172 296
2 9
21 285
290 204
370 329
893 723
112 809
766 542
745 590
600 480
601 34
335 162
304 547
438 60
570 195
499 163
671 598
285 532
